Radix Sort
0
10
20
20
30
40
80
90
100
100
120
120
130
130
150
160
160
180
190
200
200
200
200
220
230
230
270
300
310
320
330
350
350
350
360
370
370
370
410
420
430
440
450
460
470
480
490
500
500
500
500
520
530
540
560
560
570
570
580
610
630
640
650
650
650
670
670
670
690
700
710
710
720
720
720
730
750
760
780
780
780
790
790
800
810
820
860
870
870
870
880
900
900
900
900
900
910
910
910
920
960
960
970
970
980
980
1000
1000
1000
1010
1020
1020
1030
1030
1030
1040
1040
1060
1090
1100
1110
1120
1140
1150
1160
1160
1180
1190
1210
1210
1220
1220
1230
1230
1230
1250
1250
1250
1270
1280
1300
1310
1310
1310
1340
1340
1370
1400
1400
1400
1410
1410
1430
1440
1450
1450
1460
1460
1470
1470
1470
1480
1490
1500
1500
1500
1500
1500
1510
1520
1520
1540
1540
1540
1540
1550
1550
1550
1560
1560
1580
1590
1590
1600
1620
1620
1640
1640
1660
1660
1670
1670
1670
1680
1690
1690
1690
1690
1700
1710
1710
1730
1740
1750
1750
1750
1760
1770
1770
1770
1780
1780
1810
1810
1820
1820
1820
1820
1860
1860
1870
1880
1880
1880
1900
1910
1910
1920
1920
1920
1930
1940
1950
1960
1960
1960
1970
1980
1990
1990
2000
2010
2020
2020
2020
2030
2030
2040
2040
2040
2040
2050
2060
2080
2080
2090
2090
2100
2110
2110
2120
2140
2140
2150
2160
2160
2170
2180
2190
2200
2200
2210
2230
2230
2240
2250
2250
2270
2280
2290
2290
2310
2310
2320
2320
2320
2330
2360
2360
2360
2360
2370
2370
2400
2410
2410
2410
2420
2440
2440
2440
2460
2460
2470
2480
2490
2490
2500
2500
2530
2530
2540
2550
2570
2580
2580
2580
2590
2590
2590
2610
2610
2630
2660
2670
2670
2680
2680
2690
2710
2710
2710
2720
2730
2770
2770
2770
2780
2780
2810
2810
2820
2830
2830
2840
2840
2850
2860
2860
2880
2880
2890
2890
2910
2920
2920
2930
2940
2950
2970
2970
2970
3010
3020
3040
3080
3090
3090
3120
3130
3140
3160
3170
3170
3170
3190
3190
3200
3210
3230
3230
3260
3260
3260
3270
3280
3280
3310
3320
3350
3360
3360
3360
3360
3370
3380
3390
3390
3400
3410
3420
3430
3430
3440
3450
3450
3450
3450
3460
3460
3460
3480
3490
3520
3520
3540
3560
3570
3570
3600
3610
3620
3620
3620
3620
3630
3630
3650
3650
3670
3670
3670
3680
3690
3700
3710
3710
3720
3720
3720
3740
3750
3760
3760
3770
3780
3780
3800
3810
3810
3820
3840
3880
3880
3890
3900
3900
3910
3920
3960
3970
3970
3980
3980
3990
3990
3990
4000
4000
4010
4020
4040
4040
4070
4070
4090
4090
4100
4100
4100
4100
4120
4120
4130
4140
4160
4160
4170
4180
4180
4180
4210
4220
4220
4220
4220
4220
4240
4250
4250
4260
4260
4270
4310
4330
4340
4340
4340
4350
4350
4370
4370
4370
4370
4390
4400
4400
4400
4420
4430
4450
4450
4470
4490
4500
4510
4520
4530
4540
4550
4560
4570
4590
4600
4600
4600
4620
4630
4630
4630
4640
4640
4650
4660
4660
4660
4670
4680
4680
4690
4690
4700
4700
4710
4720
4720
4730
4730
4740
4750
4750
4760
4770
4770
4770
4780
4780
4780
4790
4790
4800
4810
4830
4840
4840
4850
4860
4870
4890
4900
4910
4920
4930
4930
4940
4940
4950
4950
4960
4990
5000
5000
5040
5050
5050
5060
5080
5090
5110
5110
5110
5120
5120
5120
5130
5140
5150
5150
5150
5160
5170
5180
5190
5200
5220
5220
5240
5260
5260
5270
5280
5290
5300
5300
5300
5320
5320
5330
5330
5330
5350
5360
5360
5370
5380
5380
5380
5390
5410
5410
5420
5420
5420
5430
5440
5440
5450
5450
5480
5480
5480
5490
5490
5490
5500
5520
5540
5540
5550
5550
5550
5560
5560
5560
5560
5580
5590
5600
5610
5610
5630
5640
5640
5660
5700
5710
5710
5710
5720
5720
5720
5720
5730
5740
5740
5740
5760
5770
5770
5790
5810
5830
5850
5860
5870
5870
5890
5900
5910
5920
5920
5940
5940
5950
5950
5960
5960
5970
5980
5990
6000
6010
6040
6050
6060
6080
6100
6100
6160
6170
6170
6180
6190
6190
6190
6220
6260
6260
6270
6280
6280
6290
6310
6320
6340
6340
6350
6360
6360
6370
6390
6400
6410
6420
6440
6450
6470
6480
6490
6490
6510
6510
6510
6520
6520
6540
6540
6550
6550
6550
6560
6570
6570
6590
6620
6620
6630
6630
6630
6640
6640
6640
6640
6650
6650
6660
6660
6670
6670
6670
6680
6690
6690
6700
6700
6700
6700
6720
6740
6750
6760
6760
6760
6780
6790
6790
6790
6810
6810
6820
6820
6820
6830
6840
6840
6850
6860
6860
6860
6860
6870
6880
6890
6910
6920
6920
6930
6930
6950
6960
6970
6980
6980
6990
6990
6990
7000
7010
7020
7020
7030
7050
7070
7070
7070
7080
7080
7080
7080
7090
7100
7110
7110
7110
7110
7140
7140
7150
7180
7190
7200
7210
7240
7250
7250
7260
7270
7290
7290
7290
7300
7300
7320
7320
7330
7350
7360
7360
7370
7370
7380
7400
7410
7430
7440
7450
7450
7450
7450
7460
7480
7490
7490
7490
7490
7500
7510
7510
7520
7520
7530
7530
7540
7550
7550
7560
7580
7580
7580
7590
7610
7610
7620
7620
7630
7630
7630
7640
7650
7670
7680
7700
7710
7760
7780
7780
7790
7790
7800
7800
7810
7820
7840
7840
7870
7880
7910
7910
7920
7920
7940
7960
7960
7960
7970
7970
7970
7990
8010
8010
8020
8040
8050
8050
8060
8090
8100
8110
8120
8120
8130
8140
8150
8150
8170
8180
8180
8200
8210
8230
8240
8240
8250
8290
8300
8300
8300
8300
8330
8340
8350
8350
8360
8360
8380
8390
8390
8400
8400
8400
8410
8410
8410
8410
8430
8440
8450
8460
8460
8470
8470
8480
8500
8510
8510
8530
8530
8550
8570
8580
8580
8580
8590
8610
8620
8630
8640
8650
8650
8660
8670
8670
8670
8670
8670
8670
8680
8680
8680
8680
8690
8690
8710
8720
8750
8750
8750
8760
8760
8770
8780
8790
8800
8800
8800
8820
8830
8860
8870
8880
8890
8890
8900
8900
8920
8950
8950
8950
8960
8970
8990
8990
9000
9000
9010
9020
9050
9050
9070
9070
9070
9070
9080
9110
9110
9110
9120
9120
9130
9130
9130
9130
9140
9150
9160
9170
9170
9180
9190
9190
9220
9220
9250
9260
9270
9310
9310
9310
9320
9320
9340
9340
9350
9350
9350
9380
9380
9380
9380
9380
9400
9410
9440
9440
9450
9450
9460
9460
9470
9480
9490
9490
9500
9520
9530
9530
9550
9560
9560
9580
9590
9610
9610
9620
9630
9630
9640
9650
9660
9660
9660
9660
9670
9680
9690
9690
9700
9700
9700
9730
9740
9750
9750
9770
9770
9770
9790
9790
9800
9800
9810
9810
9810
9820
9820
9830
9830
9830
9840
9840
9860
9870
9880
9880
9880
9880
9890
9900
9900
9910
9920
9930
9940
9940
9950
9960
9970
9970
9980
9980
9980
9990
10010
10020
10020
10030
10040
10050
10060
10070
10070
10080
10080
10090
10090
10090
10100
10110
10130
10140
10140
10160
10170
10170
10170
10180
10210
10270
10290
10300
10310
10310
10310
10310
10320
10330
10350
10350
10380
10390
10390
10390
10390
10390
10390
10390
10390
10410
10420
10420
10420
10430
10450
10450
10460
10460
10460
10520
10520
10530
10530
10540
10550
10570
10590
10600
10600
10600
10600
10610
10630
10630
10640
10640
10650
10660
10660
10660
10680
10680
10700
10700
10700
10700
10700
10720
10730
10740
10760
10760
10770
10770
10770
10780
10790
10790
10800
10800
10800
10820
10820
10830
10850
10860
10860
10870
10870
10890
10900
10910
10920
10930
10940
10950
10970
10970
10980
10990
10990
11000
11000
11010
11020
11030
11030
11030
11030
11040
11050
11060
11070
11070
11080
11080
11080
11090
11090
11100
11110
11110
11120
11130
11140
11150
11180
11180
11180
11190
11190
11200
11210
11210
11220
11230
11240
11240
11240
11250
11250
11260
11270
11270
11280
11310
11310
11310
11320
11320
11340
11340
11360
11360
11370
11380
11380
11380
11390
11400
11400
11400
11410
11420
11430
11450
11470
11470
11480
11490
11500
11510
11520
11520
11530
11550
11550
11550
11560
11570
11580
11580
11590
11590
11600
11600
11600
11600
11620
11620
11620
11660
11660
11660
11670
11670
11670
11690
11690
11700
11710
11720
11730
11740
11740
11750
11750
11750
11750
11760
11760
11780
11780
11790
11820
11820
11820
11840
11840
11850
11850
11860
11860
11860
11870
11890
11890
11900
11910
11910
11920
11920
11930
11940
11950
11960
11970
11990
12000
12000
12030
12030
12070
12070
12100
12100
12100
12110
12110
12120
12120
12130
12130
12150
12150
12160
12180
12180
12200
12210
12220
12230
12270
12280
12280
12290
12290
12300
12310
12310
12320
12330
12330
12350
12350
12360
12360
12380
12390
12400
12400
12400
12410
12410
12420
12420
12430
12440
12450
12450
12450
12460
12470
12520
12530
12540
12550
12550
12560
12560
12560
12570
12570
12570
12570
12580
12580
12580
12600
12600
12650
12660
12680
12680
12690
12700
12720
12730
12730
12750
12750
12760
12770
12800
12810
12820
12820
12830
12830
12840
12850
12850
12860
12880
12880
12900
12900
12910
12930
12940
12950
12950
12950
12990
13000
13010
13010
13010
13030
13040
13060
13060
13070
13080
13110
13110
13120
13130
13130
13140
13140
13150
13160
13170
13170
13180
13190
13210
13210
13220
13240
13250
13250
13250
13280
13290
13290
13290
13310
13310
13320
13330
13340
13350
13360
13370
13370
13390
13410
13410
13430
13430
13440
13440
13450
13480
13480
13480
13490
13490
13490
13510
13520
13530
13540
13540
13560
13570
13570
13600
13610
13610
13620
13620
13630
13630
13630
13650
13650
13660
13680
13690
13700
13710
13730
13730
13730
13740
13760
13770
13770
13770
13770
13770
13790
13790
13800
13800
13800
13820
13820
13820
13840
13840
13840
13850
13850
13850
13860
13870
13880
13880
13890
13890
13910
13920
13930
13930
13940
13950
13950
13950
13950
13970
13970
13980
13980
13990
14000
14000
14010
14010
14010
14040
14040
14040
14050
14050
14050
14060
14070
14070
14090
14090
14100
14100
14110
14110
14120
14130
14130
14140
14150
14170
14190
14190
14220
14230
14230
14240
14250
14250
14270
14280
14290
14290
14330
14340
14340
14340
14360
14370
14380
14380
14380
14390
14400
14410
14450
14460
14460
14480
14490
14490
14500
14520
14520
14530
14540
14540
14540
14550
14550
14560
14560
14570
14570
14570
14570
14580
14590
14590
14600
14610
14630
14640
14640
14650
14670
14670
14680
14690
14690
14700
14700
14710
14720
14720
14730
14750
14750
14750
14760
14760
14770
14770
14810
14810
14820
14830
14840
14850
14860
14860
14870
14890
14890
14890
14900
14900
14910
14910
14930
14930
14940
14960
14960
14970
14990
14990
15000
15010
15020
15030
15030
15040
15050
15060
15060
15070
15070
15070
15070
15090
15100
15100
15110
15110
15120
15130
15140
15140
15150
15160
15160
15180
15180
15190
15190
15200
15200
15200
15200
15200
15210
15210
15220
15240
15250
15270
15270
15270
15280
15290
15300
15310
15320
15320
15330
15330
15380
15380
15390
15390
15400
15400
15410
15410
15410
15410
15420
15420
15450
15460
15460
15470
15470
15480
15480
15480
15480
15490
15490
15490
15500
15500
15500
15520
15530
15530
15530
15540
15550
15560
15580
15580
15580
15600
15610
15620
15630
15640
15650
15650
15670
15700
15700
15700
15710
15720
15720
15720
15720
15730
15750
15750
15750
15780
15780
15790
15800
15800
15810
15820
15820
15820
15820
15820
15830
15830
15840
15870
15870
15870
15880
15880
15890
15890
15900
15920
15930
15940
15960
15970
15980
16000
16000
16010
16010
16020
16040
16040
16040
16050
16050
16080
16080
16100
16110
16110
16110
16140
16140
16140
16140
16150
16160
16170
16180
16180
16200
16210
16210
16220
16230
16230
16260
16280
16290
16290
16310
16310
16310
16320
16320
16330
16340
16360
16360
16360
16360
16380
16380
16390
16400
16400
16400
16410
16410
16420
16420
16430
16430
16440
16450
16450
16450
16470
16480
16480
16510
16520
16590
16590
16610
16610
16630
16630
16640
16660
16670
16670
16680
16690
16710
16720
16720
16730
16730
16740
16750
16750
16750
16760
16770
16780
16780
16790
16800
16800
16800
16820
16820
16820
16830
16830
16850
16850
16850
16870
16880
16900
16910
16920
16930
16940
16940
16960
16960
16960
16970
16980
16980
16990
17010
17030
17030
17030
17060
17060
17070
17070
17070
17080
17090
17110
17120
17130
17130
17130
17130
17140
17140
17150
17150
17150
17160
17160
17170
17180
17190
17200
17200
17240
17260
17260
17280
17280
17300
17300
17310
17320
17350
17360
17360
17360
17360
17370
17370
17380
17380
17390
17390
17420
17430
17440
17440
17440
17440
17440
17440
17450
17460
17470
17470
17470
17470
17480
17480
17490
17490
17500
17500
17510
17520
17520
17530
17530
17530
17540
17570
17570
17580
17580
17590
17590
17610
17610
17620
17640
17660
17670
17680
17690
17690
17700
17710
17720
17730
17730
17740
17750
17750
17750
17750
17760
17760
17770
17780
17800
17810
17810
17830
17840
17840
17840
17850
17860
17860
17870
17880
17880
17890
17910
17910
17930
17950
17950
17950
17960
17960
17970
17980
17980
17980
18000
18000
18000
18000
18030
18030
18040
18040
18040
18050
18050
18050
18050
18060
18060
18070
18090
18110
18120
18130
18140
18150
18150
18150
18150
18160
18160
18160
18170
18170
18180
18180
18190
18210
18220
18230
18230
18230
18230
18240
18240
18250
18250
18260
18260
18280
18280
18290
18290
18290
18290
18300
18300
18310
18310
18310
18320
18320
18330
18340
18340
18340
18350
18370
18380
18380
18390
18390
18400
18410
18460
18460
18480
18490
18490
18500
18510
18510
18530
18530
18530
18550
18550
18550
18550
18550
18560
18570
18580
18580
18590
18610
18640
18640
18640
18640
18640
18660
18690
18690
18700
18720
18720
18770
18770
18780
18790
18800
18810
18810
18830
18830
18850
18850
18860
18860
18860
18860
18880
18890
18900
18900
18920
18920
18920
18920
18940
18960
18970
18970
18990
18990
19020
19030
19030
19040
19040
19050
19060
19060
19070
19070
19090
19110
19120
19130
19130
19140
19150
19150
19150
19160
19170
19170
19170
19180
19180
19180
19180
19190
19200
19210
19230
19230
19230
19250
19260
19270
19270
19270
19290
19290
19290
19290
19300
19300
19320
19340
19350
19360
19360
19360
19400
19400
19420
19420
19430
19430
19440
19440
19450
19460
19480
19500
19510
19520
19520
19520
19520
19530
19540
19550
19550
19560
19560
19570
19570
19580
19580
19590
19600
19600
19600
19600
19600
19610
19620
19620
19640
19640
19650
19660
19660
19670
19670
19680
19690
19700
19720
19720
19730
19740
19760
19770
19790
19820
19820
19820
19830
19850
19860
19870
19870
19880
19890
19890
19900
19900
19900
19910
19940
19940
19970
19980
19980
20000
20000
20010
20040
20050
20050
20050
20050
20060
20070
20080
20090
20100
20100
20100
20100
20110
20120
20120
20130
20140
20170
20170
20180
20180
20180
20180
20190
20210
20210
20220
20220
20220
20230
20250
20250
20260
20270
20270
20280
20280
20290
20290
20290
20300
20300
20310
20310
20320
20320
20320
20330
20330
20340
20350
20360
20370
20370
20380
20380
20390
20390
20400
20410
20410
20430
20440
20450
20460
20460
20480
20480
20490
20500
20500
20510
20510
20520
20520
20540
20540
20550
20550
20550
20570
20580
20580
20590
20590
20620
20630
20640
20650
20650
20650
20660
20660
20660
20670
20670
20690
20690
20710
20720
20720
20720
20740
20750
20750
20770
20770
20770
20790
20790
20790
20810
20810
20810
20810
20830
20840
20860
20870
20900
20910
20930
20940
20940
20960
20960
20970
20990
20990
21000
21010
21020
21030
21030
21030
21050
21050
21080
21090
21100
21100
21110
21120
21130
21140
21160
21160
21160
21170
21170
21180
21180
21180
21190
21190
21200
21210
21210
21220
21260
21280
21280
21290
21300
21300
21300
21310
21320
21330
21360
21380
21390
21400
21410
21410
21430
21430
21450
21450
21450
21470
21480
21480
21480
21490
21490
21510
21520
21540
21560
21570
21580
21580
21580
21590
21590
21590
21590
21590
21600
21600
21610
21610
21610
21610
21660
21660
21660
21670
21690
21690
21700
21700
21720
21720
21720
21730
21730
21730
21740
21750
21770
21780
21780
21800
21800
21810
21810
21810
21830
21830
21830
21840
21850
21860
21870
21870
21870
21880
21890
21890
21900
21910
21940
21950
21960
21960
21970
21970
21970
21990
22000
22000
22010
22050
22050
22070
22080
22100
22100
22100
22110
22110
22120
22120
22130
22150
22150
22180
22180
22180
22190
22190
22200
22210
22210
22230
22230
22230
22240
22240
22240
22240
22250
22250
22260
22270
22270
22270
22280
22280
22290
22290
22310
22320
22320
22330
22330
22340
22340
22360
22370
22370
22370
22370
22380
22400
22400
22410
22420
22480
22490
22530
22530
22530
22530
22550
22570
22590
22590
22610
22610
22620
22630
22640
22660
22660
22680
22680
22680
22700
22700
22720
22730
22730
22730
22730
22740
22750
22770
22780
22780
22790
22800
22810
22810
22820
22830
22830
22830
22840
22840
22840
22880
22880
22880
22900
22900
22900
22910
22920
22940
22940
22960
22960
22980
23030
23030
23040
23050
23050
23050
23060
23060
23070
23070
23080
23090
23100
23100
23100
23120
23120
23120
23130
23140
23140
23140
23150
23160
23160
23160
23190
23190
23190
23190
23190
23210
23240
23240
23260
23260
23280
23280
23300
23300
23310
23310
23310
23320
23330
23360
23380
23380
23380
23390
23390
23400
23400
23400
23410
23420
23420
23420
23430
23440
23470
23480
23490
23510
23510
23510
23520
23520
23530
23530
23570
23580
23580
23600
23630
23630
23650
23670
23680
23690
23690
23690
23710
23720
23730
23740
23760
23780
23790
23790
23790
23800
23800
23810
23810
23830
23830
23840
23850
23860
23870
23890
23900
23910
23920
23930
23950
23950
23960
23960
23970
23970
23970
23990
23990
23990
24000
24030
24050
24060
24060
24060
24070
24080
24100
24110
24130
24130
24140
24140
24150
24160
24170
24170
24180
24190
24190
24200
24200
24200
24200
24200
24220
24230
24230
24230
24230
24240
24250
24260
24260
24270
24270
24280
24280
24280
24290
24290
24300
24310
24320
24330
24340
24340
24340
24340
24360
24370
24370
24370
24370
24370
24400
24410
24420
24430
24440
24450
24480
24480
24500
24500
24520
24540
24550
24560
24560
24560
24590
24610
24620
24620
24620
24630
24630
24640
24640
24650
24650
24650
24660
24680
24690
24700
24700
24710
24710
24720
24720
24730
24730
24740
24750
24750
24760
24790
24800
24820
24820
24830
24840
24840
24850
24850
24850
24870
24880
24910
24930
24930
24950
24980
24980
24990
25010
25010
25010
25040
25050
25060
25060
25080
25090
25100
25100
25100
25120
25130
25130
25130
25140
25140
25150
25150
25190
25200
25200
25220
25220
25230
25250
25250
25260
25280
25290
25290
25300
25330
25330
25330
25350
25350
25360
25370
25370
25380
25380
25420
25430
25430
25440
25440
25450
25460
25460
25490
25500
25520
25530
25530
25530
25550
25560
25560
25570
25580
25590
25610
25620
25630
25640
25650
25650
25660
25660
25660
25670
25670
25670
25680
25690
25690
25700
25710
25730
25730
25740
25750
25750
25760
25760
25760
25770
25790
25790
25790
25800
25800
25810
25820
25820
25830
25830
25840
25840
25860
25860
25870
25890
25890
25890
25890
25900
25910
25910
25910
25910
25920
25930
25930
25940
25950
25960
25960
25970
25970
25970
25970
25980
25980
25990
25990
26030
26030
26040
26040
26040
26050
26050
26050
26070
26090
26090
26110
26120
26120
26120
26120
26120
26130
26130
26130
26140
26150
26150
26160
26170
26180
26180
26190
26200
26200
26210
26220
26220
26240
26260
26270
26270
26280
26280
26290
26300
26330
26330
26340
26350
26420
26420
26440
26450
26460
26470
26470
26480
26480
26490
26490
26490
26500
26520
26530
26540
26540
26550
26560
26590
26590
26590
26630
26630
26630
26640
26660
26660
26670
26680
26690
26700
26710
26710
26730
26730
26730
26740
26740
26750
26760
26760
26770
26790
26800
26800
26810
26810
26820
26820
26830
26830
26840
26840
26840
26840
26840
26850
26870
26880
26880
26890
26890
26890
26890
26910
26920
26930
26940
26950
26960
26970
26970
27010
27030
27030
27030
27040
27050
27050
27070
27070
27080
27080
27080
27160
27160
27160
27170
27170
27190
27190
27190
27200
27210
27220
27240
27250
27250
27260
27280
27280
27290
27290
27300
27330
27330
27340
27340
27340
27350
27360
27360
27360
27390
27400
27400
27410
27410
27410
27420
27420
27420
27430
27430
27430
27440
27450
27460
27460
27470
27470
27480
27480
27480
27490
27490
27490
27490
27500
27500
27510
27510
27520
27570
27580
27650
27660
27660
27660
27670
27700
27700
27710
27720
27730
27730
27760
27770
27770
27770
27790
27790
27800
27830
27860
27870
27880
27890
27890
27910
27920
27920
27940
27940
27950
27950
27960
27970
27970
27970
27980
27990
28000
28010
28010
28010
28020
28040
28040
28080
28080
28090
28100
28100
28110
28140
28160
28160
28170
28170
28170
28190
28190
28230
28230
28280
28290
28300
28300
28300
28310
28310
28330
28340
28360
28360
28370
28380
28390
28400
28400
28400
28410
28430
28430
28440
28450
28450
28460
28460
28470
28470
28470
28470
28480
28490
28510
28520
28530
28530
28530
28540
28550
28570
28570
28570
28580
28590
28590
28590
28630
28640
28640
28650
28660
28670
28670
28720
28720
28730
28740
28750
28770
28780
28790
28800
28830
28840
28860
28880
28910
28930
28940
28940
28950
28960
28970
28980
29000
29000
29020
29040
29050
29060
29070
29070
29080
29090
29100
29100
29110
29120
29150
29190
29200
29230
29240
29250
29250
29260
29270
29290
29290
29320
29350
29370
29370
29370
29380
29380
29390
29400
29400
29400
29400
29420
29440
29440
29450
29450
29460
29480
29480
29490
29490
29500
29510
29510
29520
29530
29540
29550
29550
29550
29560
29570
29590
29590
29600
29600
29610
29620
29630
29650
29680
29690
29750
29750
29760
29770
29790
29800
29800
29800
29830
29830
29830
29860
29860
29860
29860
29870
29870
29870
29880
29890
29910
29930
29930
29930
29940
29940
29940
29960
29970
29980
29980
30000
30010
30030
30070
30100
30100
30120
30150
30180
30190
30230
30230
30230
30240
30240
30270
30280
30330
30340
30350
30390
30400
30410
30420
30430
30440
30440
30450
30460
30470
30470
30480
30480
30480
30490
30530
30540
30550
30570
30570
30600
30610
30610
30630
30630
30640
30660
30680
30680
30690
30690
30690
30700
30700
30720
30720
30720
30730
30730
30760
30780
30790
30800
30800
30800
30810
30810
30820
30840
30850
30850
30850
30890
30900
30910
30920
30920
30930
30940
30960
30970
30970
30980
30990
31030
31040
31050
31060
31060
31080
31080
31100
31120
31130
31130
31160
31190
31190
31190
31210
31250
31270
31280
31280
31300
31300
31310
31320
31350
31360
31360
31380
31430
31440
31470
31470
31480
31490
31490
31500
31500
31510
31540
31540
31540
31550
31580
31590
31590
31600
31600
31610
31630
31640
31650
31650
31670
31680
31700
31700
31740
31740
31740
31750
31760
31760
31790
31800
31810
31840
31840
31870
31880
31890
31890
31910
31920
31920
31960
31960
31960
31970
31970
31970
31970
32010
32010
32010
32010
32010
32030
32030
32030
32040
32080
32080
32090
32100
32100
32120
32120
32130
32130
32150
32160
32170
32170
32180
32200
32210
32230
32250
32260
32280
32290
32290
32300
32320
32320
32330
32340
32360
32370
32400
32420
32440
32460
32460
32470
32480
32490
32490
32500
32510
32530
32540
32570
32570
32580
32580
32590
32590
32640
32640
32640
32650
32650
32660
32660
32680
32710
32720
32730
32760
32770
32800
32820
32830
32830
32850
32850
32870
32870
32870
32870
32900
32920
32930
32940
32940
32950
32950
32970
32980
32980
32990
33000
33020
33020
33040
33060
33080
33110
33110
33110
33110
33120
33120
33140
33140
33170
33170
33170
33190
33200
33210
33240
33240
33250
33250
33270
33270
33280
33280
33320
33340
33340
33340
33350
33350
33360
33370
33370
33380
33380
33390
33390
33400
33400
33400
33410
33410
33430
33440
33450
33450
33470
33480
33510
33510
33530
33540
33560
33560
33570
33570
33570
33590
33610
33640
33640
33650
33670
33680
33700
33710
33710
33720
33720
33720
33730
33740
33740
33760
33760
33760
33760
33770
33780
33780
33810
33810
33810
33830
33830
33830
33870
33870
33880
33900
33900
33950
33960
33980
33980
33980
33990
34010
34030
34040
34050
34060
34070
34080
34090
34100
34110
34110
34110
34120
34120
34150
34160
34160
34170
34170
34190
34240
34250
34280
34290
34310
34340
34370
34370
34390
34420
34420
34430
34440
34440
34450
34480
34480
34500
34510
34510
34520
34540
34590
34590
34610
34620
34660
34660
34660
34670
34680
34690
34690
34700
34730
34730
34730
34750
34760
34760
34770
34770
34780
34790
34790
34810
34810
34830
34840
34840
34880
34910
34930
34940
34940
34970
34980
35000
35050
35070
35090
35090
35130
35140
35140
35150
35160
35170
35190
35220
35220
35230
35240
35240
35260
35290
35300
35310
35320
35330
35330
35340
35350
35370
35380
35390
35400
35410
35410
35410
35420
35430
35440
35460
35460
35470
35470
35470
35470
35510
35510
35510
35510
35530
35540
35540
35540
35550
35560
35560
35570
35590
35610
35620
35630
35630
35640
35640
35640
35650
35650
35650
35650
35660
35680
35680
35690
35690
35700
35700
35700
35700
35710
35710
35730
35730
35740
35740
35760
35760
35770
35770
35770
35820
35820
35820
35870
35890
35910
35930
35930
35930
35940
35960
35960
36000
36000
36040
36040
36060
36060
36080
36080
36090
36100
36110
36110
36110
36110
36120
36130
36130
36130
36130
36140
36140
36140
36150
36170
36170
36170
36180
36190
36190
36200
36230
36230
36250
36260
36260
36270
36270
36270
36280
36280
36290
36300
36310
36310
36320
36320
36350
36360
36370
36370
36380
36390
36390
36400
36400
36420
36420
36420
36460
36470
36480
36480
36480
36490
36530
36530
36540
36540
36540
36550
36570
36600
36610
36630
36640
36640
36660
36680
36680
36690
36710
36720
36740
36740
36750
36750
36750
36760
36760
36770
36780
36790
36850
36860
36890
36890
36900
36910
36910
36930
36930
36930
36960
36970
36980
37000
37010
37010
37030
37030
37050
37050
37050
37070
37070
37080
37090
37100
37110
37130
37140
37150
37150
37160
37190
37190
37200
37200
37240
37250
37260
37260
37260
37280
37290
37300
37310
37310
37330
37340
37350
37360
37380
37390
37410
37410
37420
37430
37440
37450
37450
37470
37480
37480
37500
37510
37520
37520
37530
37530
37540
37540
37550
37560
37570
37590
37610
37610
37650
37660
37680
37750
37770
37770
37790
37810
37810
37820
37830
37880
37880
37880
37890
37890
37900
37920
37940
37950
37960
37960
37960
37970
37970
37980
37980
37980
37990
38000
38000
38000
38010
38020
38030
38050
38050
38070
38090
38120
38120
38120
38160
38170
38190
38210
38210
38230
38230
38250
38280
38290
38310
38310
38310
38320
38320
38330
38350
38350
38350
38350
38370
38380
38390
38410
38420
38420
38440
38450
38470
38480
38490
38490
38500
38510
38510
38510
38530
38530
38530
38550
38550
38570
38600
38600
38610
38610
38620
38620
38630
38630
38650
38660
38670
38670
38680
38680
38690
38700
38710
38710
38730
38740
38740
38790
38800
38800
38810
38820
38830
38830
38830
38830
38840
38860
38870
38900
38910
38920
38940
38950
38950
38990
38990
39010
39010
39040
39040
39050
39060
39090
39090
39090
39110
39120
39170
39170
39170
39170
39190
39190
39210
39210
39210
39220
39230
39230
39240
39240
39240
39250
39250
39260
39270
39270
39290
39330
39360
39370
39380
39380
39400
39410
39420
39420
39420
39460
39460
39470
39480
39510
39520
39520
39520
39520
39530
39530
39540
39550
39570
39590
39650
39660
39670
39680
39680
39690
39700
39710
39730
39730
39770
39770
39780
39780
39790
39810
39810
39820
39830
39840
39900
39900
39920
39920
39930
39950
39950
39970
39970
40000
40010
40030
40050
40060
40080
40090
40110
40120
40120
40120
40140
40160
40160
40160
40170
40190
40210
40210
40240
40240
40250
40280
40290
40290
40310
40310
40340
40340
40400
40400
40420
40430
40450
40460
40470
40490
40500
40510
40520
40540
40550
40570
40580
40580
40590
40590
40610
40620
40620
40620
40620
40630
40630
40630
40640
40640
40650
40660
40670
40670
40680
40680
40700
40700
40700
40710
40710
40770
40780
40780
40780
40800
40810
40820
40820
40830
40850
40860
40870
40870
40880
40890
40890
40900
40910
40920
40940
40950
40960
40960
40980
41000
41020
41040
41050
41050
41070
41070
41120
41130
41140
41140
41160
41170
41220
41250
41250
41260
41280
41330
41340
41350
41350
41360
41360
41380
41410
41430
41440
41460
41470
41470
41490
41500
41510
41510
41510
41520
41520
41550
41550
41560
41560
41590
41600
41610
41630
41660
41660
41690
41720
41730
41740
41760
41780
41780
41790
41800
41810
41810
41810
41840
41840
41840
41860
41860
41870
41870
41870
41870
41890
41900
41930
41930
41940
41950
41950
41960
41960
41980
41980
42000
42030
42060
42110
42110
42120
42140
42140
42210
42210
42220
42220
42240
42260
42300
42310
42310
42310
42320
42320
42330
42360
42420
42430
42440
42440
42480
42480
42480
42500
42500
42520
42530
42530
42550
42560
42570
42580
42590
42600
42600
42610
42630
42630
42640
42650
42650
42650
42680
42690
42690
42690
42710
42720
42730
42730
42740
42740
42760
42770
42770
42780
42780
42780
42800
42800
42820
42840
42840
42850
42850
42860
42870
42870
42880
42890
42910
42920
42920
42920
42940
42980
43010
43010
43010
43020
43040
43040
43050
43050
43060
43060
43070
43080
43100
43100
43110
43120
43140
43140
43140
43160
43160
43180
43200
43220
43250
43270
43270
43280
43290
43310
43320
43360
43380
43390
43390
43400
43410
43410
43430
43450
43490
43490
43500
43500
43500
43510
43520
43520
43550
43590
43600
43600
43600
43610
43610
43630
43650
43660
43680
43700
43730
43750
43790
43800
43800
43810
43810
43850
43850
43860
43860
43860
43870
43880
43880
43880
43880
43880
43890
43900
43920
43920
43940
43970
43980
43990
44010
44020
44050
44050
44090
44090
44090
44100
44100
44130
44140
44150
44160
44170
44180
44180
44200
44220
44250
44310
44350
44350
44370
44370
44410
44420
44420
44440
44450
44460
44460
44470
44470
44520
44530
44540
44550
44560
44590
44610
44620
44630
44650
44690
44700
44710
44710
44740
44750
44760
44770
44780
44800
44810
44830
44840
44840
44840
44850
44870
44890
44900
44910
44930
44930
44950
44960
44960
44970
44990
45010
45020
45020
45020
45030
45030
45030
45040
45050
45050
45070
45070
45090
45100
45110
45120
45120
45140
45140
45150
45160
45160
45180
45180
45180
45190
45190
45200
45210
45230
45230
45240
45240
45240
45250
45260
45260
45260
45270
45270
45280
45290
45290
45300
45320
45320
45410
45420
45420
45440
45450
45460
45470
45480
45500
45500
45510
45530
45590
45590
45610
45620
45630
45670
45670
45710
45720
45730
45730
45770
45780
45800
45810
45810
45820
45820
45820
45840
45850
45850
45880
45880
45890
45900
45910
45920
45930
45940
45950
45950
45970
45980
45980
45990
46000
46020
46050
46080
46080
46090
46090
46100
46130
46150
46170
46180
46180
46200
46210
46210
46210
46260
46260
46270
46270
46300
46330
46330
46340
46340
46340
46340
46340
46350
46360
46380
46390
46400
46410
46410
46430
46430
46440
46470
46470
46500
46510
46510
46510
46520
46550
46560
46580
46580
46590
46600
46600
46610
46620
46630
46650
46650
46680
46710
46710
46730
46730
46740
46740
46760
46760
46770
46790
46810
46810
46820
46830
46830
46860
46880
46900
46920
46940
46940
46940
46940
46950
46960
46970
46970
46980
46990
47030
47030
47040
47050
47050
47050
47080
47080
47090
47100
47130
47150
47170
47190
47230
47240
47270
47290
47300
47330
47340
47350
47350
47360
47380
47400
47410
47410
47410
47430
47450
47450
47450
47470
47470
47480
47480
47490
47490
47500
47510
47520
47530
47550
47550
47550
47560
47570
47570
47590
47590
47590
47610
47620
47640
47650
47660
47660
47660
47680
47680
47690
47700
47720
47750
47780
47780
47790
47800
47830
47830
47870
47880
47900
47930
47940
47960
47960
47960
47960
47960
47970
47980
48000
48000
48030
48030
48040
48050
48050
48050
48060
48080
48080
48140
48140
48160
48170
48200
48210
48220
48240
48240
48250
48270
48280
48280
48290
48290
48300
48320
48320
48330
48340
48350
48360
48390
48400
48400
48400
48400
48400
48480
48490
48500
48510
48530
48530
48540
48540
48550
48550
48550
48570
48570
48590
48600
48620
48630
48640
48640
48650
48660
48690
48690
48700
48710
48710
48720
48720
48740
48740
48760
48770
48790
48820
48840
48840
48870
48880
48880
48890
48910
48910
48910
48910
48920
48920
48930
48940
48990
49000
49020
49030
49030
49030
49030
49040
49040
49050
49070
49080
49130
49130
49160
49190
49250
49270
49280
49280
49290
49290
49300
49310
49310
49360
49360
49360
49390
49450
49480
49510
49510
49520
49520
49530
49540
49540
49550
49560
49570
49600
49600
49620
49630
49630
49650
49650
49680
49680
49680
49690
49690
49700
49720
49730
49740
49750
49750
49760
49770
49780
49780
49780
49810
49820
49870
49880
49890
49890
49900
49930
49930
49940
49960
49970
49980
50020
50060
50060
50080
50080
50090
50090
50110
50130
50140
50140
50140
50160
50160
50160
50190
50190
50190
50200
50220
50230
50240
50250
50250
50250
50290
50320
50320
50330
50360
50400
50420
50430
50430
50440
50450
50470
50470
50480
50490
50510
50520
50550
50550
50550
50580
50580
50590
50590
50600
50610
50620
50620
50630
50630
50640
50640
50640
50660
50690
50690
50700
50700
50730
50740
50760
50770
50790
50810
50820
50830
50830
50850
50850
50850
50870
50910
50920
50930
50930
50940
50940
50950
50960
50980
50990
50990
51000
51000
51010
51020
51020
51030
51040
51040
51040
51040
51060
51070
51080
51090
51090
51090
51100
51110
51120
51140
51150
51150
51150
51170
51170
51180
51200
51230
51240
51260
51260
51280
51290
51330
51340
51350
51360
51420
51420
51430
51440
51450
51460
51460
51470
51500
51500
51500
51500
51510
51520
51530
51530
51550
51560
51560
51600
51610
51620
51620
51630
51660
51660
51670
51710
51720
51720
51720
51740
51740
51750
51760
51780
51780
51780
51790
51800
51800
51810
51810
51810
51820
51840
51840
51850
51860
51910
51930
51960
51970
51970
51990
51990
52000
52020
52030
52070
52090
52120
52130
52130
52130
52160
52170
52200
52200
52210
52210
52220
52230
52240
52270
52270
52280
52280
52280
52280
52280
52320
52340
52340
52350
52350
52370
52390
52420
52480
52490
52490
52490
52490
52500
52500
52500
52530
52540
52560
52560
52580
52580
52590
52600
52610
52610
52610
52620
52630
52640
52660
52660
52660
52680
52680
52680
52680
52680
52690
52700
52720
52750
52770
52780
52780
52790
52800
52810
52810
52820
52820
52820
52830
52830
52830
52850
52880
52910
52930
52940
52940
52950
52960
52960
52980
53020
53020
53020
53030
53030
53030
53030
53040
53040
53040
53040
53080
53090
53100
53110
53110
53110
53120
53130
53130
53140
53140
53150
53150
53160
53160
53170
53170
53170
53180
53190
53190
53190
53200
53200
53220
53220
53230
53240
53240
53240
53250
53260
53260
53260
53270
53270
53280
53280
53310
53310
53310
53330
53330
53350
53370
53370
53370
53380
53400
53430
53450
53450
53500
53510
53540
53540
53570
53570
53570
53570
53580
53640
53650
53650
53710
53760
53770
53780
53800
53800
53800
53800
53810
53810
53820
53830
53840
53850
53870
53890
53890
53910
53950
53950
53970
53990
53990
54010
54030
54030
54040
54050
54050
54060
54060
54100
54110
54130
54150
54160
54180
54190
54190
54200
54200
54200
54230
54240
54240
54260
54260
54270
54280
54280
54300
54330
54350
54350
54360
54360
54360
54390
54410
54410
54410
54430
54430
54430
54440
54470
54470
54480
54490
54500
54520
54530
54530
54530
54550
54570
54580
54580
54590
54610
54610
54630
54680
54700
54700
54720
54730
54730
54730
54730
54740
54740
54750
54760
54760
54760
54770
54790
54800
54820
54830
54830
54850
54860
54860
54870
54890
54900
54910
54940
54950
54960
54990
54990
54990
55000
55010
55010
55010
55030
55030
55030
55040
55040
55040
55070
55070
55080
55090
55100
55110
55110
55120
55130
55150
55160
55160
55200
55210
55250
55280
55290
55290
55300
55330
55330
55340
55340
55340
55350
55350
55360
55370
55370
55370
55390
55410
55410
55410
55430
55440
55440
55450
55460
55460
55500
55500
55530
55540
55580
55600
55610
55620
55630
55630
55660
55670
55670
55680
55720
55730
55740
55750
55750
55770
55780
55800
55840
55850
55850
55860
55870
55880
55890
55900
55920
55920
55930
55930
55930
55930
55960
55960
55970
55990
56000
56000
56010
56040
56040
56040
56060
56080
56090
56100
56100
56110
56120
56130
56130
56190
56190
56190
56210
56210
56220
56220
56230
56230
56230
56240
56260
56260
56270
56270
56280
56280
56290
56300
56300
56300
56310
56320
56340
56340
56350
56370
56390
56390
56400
56410
56410
56420
56430
56440
56450
56450
56450
56480
56480
56480
56500
56500
56510
56520
56530
56540
56560
56570
56570
56580
56580
56590
56590
56610
56610
56610
56620
56630
56630
56640
56650
56660
56660
56660
56660
56680
56690
56690
56690
56710
56710
56720
56720
56730
56740
56780
56790
56800
56800
56810
56820
56820
56830
56830
56840
56850
56850
56850
56860
56880
56890
56910
56920
56920
56930
56960
56960
56990
56990
57010
57020
57030
57040
57040
57070
57070
57070
57090
57090
57090
57090
57120
57120
57120
57150
57160
57160
57160
57170
57170
57180
57190
57210
57230
57250
57250
57330
57350
57350
57360
57390
57410
57420
57450
57460
57460
57490
57500
57500
57510
57520
57530
57530
57550
57560
57560
57570
57580
57600
57600
57600
57610
57610
57610
57630
57640
57650
57650
57670
57670
57680
57690
57700
57720
57740
57750
57770
57780
57790
57800
57830
57850
57860
57900
57910
57910
57920
57930
57930
57930
57940
57950
57960
57970
57980
58000
58000
58000
58030
58040
58050
58050
58060
58060
58080
58090
58100
58110
58110
58120
58130
58150
58150
58160
58160
58170
58180
58180
58200
58250
58270
58280
58310
58310
58360
58380
58410
58420
58430
58440
58440
58450
58470
58480
58500
58510
58520
58530
58530
58580
58600
58630
58640
58650
58650
58670
58680
58710
58710
58730
58730
58750
58750
58750
58760
58760
58770
58780
58800
58810
58820
58830
58840
58850
58870
58880
58890
58890
58900
58920
58940
58960
58960
58990
59000
59000
59000
59000
59010
59020
59040
59040
59040
59080
59090
59100
59100
59110
59110
59110
59120
59130
59130
59140
59140
59150
59160
59170
59180
59180
59200
59220
59220
59250
59260
59260
59270
59280
59280
59280
59290
59320
59320
59330
59360
59360
59370
59380
59380
59380
59410
59430
59440
59440
59450
59470
59470
59480
59490
59490
59510
59530
59540
59550
59560
59560
59570
59570
59600
59600
59600
59600
59630
59660
59660
59660
59670
59680
59690
59700
59710
59730
59740
59750
59750
59780
59790
59800
59800
59810
59820
59860
59880
59890
59890
59900
59900
59910
59910
59910
59950
59960
59980
59980
59980
59980
60000
60010
60030
60030
60030
60040
60040
60050
60080
60090
60090
60100
60110
60110
60110
60110
60110
60120
60130
60140
60150
60150
60170
60170
60190
60190
60200
60210
60210
60220
60230
60230
60240
60250
60270
60270
60270
60270
60280
60300
60310
60310
60320
60340
60360
60390
60400
60410
60410
60420
60440
60440
60450
60450
60470
60480
60490
60490
60490
60500
60510
60520
60540
60560
60560
60560
60570
60580
60580
60590
60590
60600
60600
60610
60610
60620
60630
60650
60650
60650
60680
60680
60700
60730
60740
60760
60760
60770
60790
60810
60840
60850
60890
60890
60900
60930
60930
60930
60930
60940
60950
60960
60970
60980
60990
61000
61000
61020
61020
61020
61030
61040
61040
61040
61040
61050
61050
61070
61080
61100
61110
61120
61120
61130
61150
61150
61150
61150
61160
61160
61180
61190
61190
61210
61240
61240
61250
61270
61290
61290
61300
61310
61340
61340
61360
61370
61380
61410
61420
61420
61440
61440
61440
61450
61450
61460
61470
61500
61520
61520
61520
61520
61550
61550
61550
61560
61570
61570
61570
61580
61580
61610
61620
61630
61650
61650
61670
61670
61680
61700
61710
61710
61730
61730
61730
61740
61750
61780
61810
61820
61820
61830
61830
61840
61840
61840
61850
61870
61870
61880
61890
61890
61910
61920
61930
61930
61960
61970
61990
62000
62000
62020
62020
62030
62040
62100
62100
62110
62110
62120
62140
62140
62140
62150
62150
62160
62190
62190
62190
62200
62210
62220
62220
62230
62230
62230
62270
62280
62290
62290
62300
62300
62300
62330
62330
62340
62360
62360
62370
62370
62380
62400
62410
62410
62420
62430
62440
62440
62440
62440
62460
62470
62480
62500
62510
62520
62530
62550
62550
62570
62570
62580
62580
62630
62650
62650
62670
62700
62700
62710
62720
62720
62720
62740
62760
62770
62790
62790
62790
62810
62810
62820
62840
62850
62850
62850
62850
62860
62870
62880
62880
62900
62900
62900
62910
62910
62920
62960
62970
62980
62980
62990
63010
63020
63050
63050
63060
63070
63070
63070
63080
63080
63080
63090
63090
63100
63110
63120
63120
63130
63160
63160
63180
63190
63190
63200
63240
63250
63250
63270
63270
63330
63340
63370
63420
63420
63430
63440
63440
63450
63470
63480
63480
63490
63500
63500
63500
63510
63540
63540
63540
63570
63590
63610
63610
63620
63620
63660
63670
63690
63690
63690
63700
63720
63720
63740
63750
63810
63810
63820
63830
63840
63840
63850
63850
63880
63890
63900
63900
63910
63920
63920
63930
63940
63950
63950
63960
63960
63960
63970
63970
63970
63970
63980
63990
64010
64020
64030
64040
64060
64070
64070
64080
64100
64110
64130
64140
64150
64160
64160
64170
64180
64190
64200
64220
64230
64240
64250
64250
64260
64280
64280
64280
64300
64300
64310
64330
64340
64350
64390
64410
64420
64430
64430
64430
64440
64450
64460
64460
64470
64470
64490
64500
64530
64550
64550
64550
64580
64590
64590
64610
64610
64620
64620
64630
64640
64670
64680
64690
64700
64710
64710
64720
64740
64760
64770
64780
64780
64800
64830
64890
64890
64910
64910
64910
64940
64940
64950
64970
65000
65000
65020
65020
65030
65050
65050
65060
65080
65080
65090
65100
65100
65110
65120
65130
65130
65150
65180
65190
65200
65200
65210
65220
65230
65240
65240
65250
65250
65260
65280
65280
65290
65290
65320
65320
65330
65340
65340
65340
65350
65350
65380
65390
65400
65410
65420
65420
65450
65490
65490
65510
65530
65530
65540
65570
65570
65580
65580
65600
65600
65600
65620
65620
65620
65650
65660
65660
65690
65700
65700
65700
65720
65720
65730
65770
65780
65780
65780
65800
65810
65860
65860
65870
65880
65900
65910
65910
65920
65920
65920
65940
65940
65940
65940
65940
65960
65960
65990
66010
66020
66020
66060
66060
66070
66090
66090
66090
66100
66100
66130
66130
66140
66160
66170
66170
66190
66190
66220
66220
66240
66250
66260
66260
66290
66320
66330
66340
66340
66350
66350
66390
66390
66410
66420
66430
66450
66450
66460
66460
66470
66480
66480
66480
66480
66490
66500
66500
66510
66520
66560
66560
66570
66570
66590
66590
66600
66610
66610
66630
66630
66660
66660
66700
66700
66710
66710
66720
66730
66730
66740
66750
66760
66770
66770
66780
66800
66810
66820
66820
66820
66860
66870
66910
66910
66910
66920
66930
66950
66950
66950
66970
66980
66980
67000
67000
67000
67010
67020
67030
67040
67050
67060
67060
67070
67070
67070
67080
67090
67100
67110
67150
67160
67180
67190
67190
67200
67200
67230
67230
67230
67240
67240
67280
67290
67290
67310
67330
67340
67350
67350
67370
67380
67410
67410
67410
67410
67420
67420
67420
67430
67450
67450
67490
67500
67520
67570
67570
67580
67580
67590
67590
67620
67630
67650
67650
67650
67670
67670
67740
67770
67790
67790
67800
67800
67810
67810
67810
67820
67820
67820
67820
67830
67840
67870
67870
67880
67880
67890
67900
67950
67960
67970
68030
68030
68040
68060
68060
68080
68080
68090
68100
68110
68120
68120
68130
68160
68180
68190
68190
68190
68210
68220
68220
68240
68270
68280
68290
68300
68340
68350
68360
68380
68390
68390
68400
68410
68440
68440
68440
68450
68450
68450
68460
68460
68470
68480
68480
68480
68490
68540
68540
68560
68560
68570
68570
68570
68580
68580
68580
68600
68610
68620
68640
68640
68650
68680
68690
68720
68730
68740
68740
68750
68750
68760
68760
68770
68830
68840
68850
68850
68850
68860
68880
68880
68900
68910
68930
68940
68950
68960
68970
68970
68980
68980
68980
68990
68990
68990
68990
69010
69020
69040
69040
69040
69050
69050
69050
69090
69090
69110
69120
69140
69140
69150
69180
69200
69220
69230
69240
69280
69280
69290
69310
69360
69360
69360
69370
69370
69390
69390
69390
69410
69430
69430
69440
69450
69450
69470
69480
69480
69500
69500
69500
69520
69530
69540
69550
69560
69580
69580
69590
69590
69610
69650
69690
69720
69720
69730
69730
69740
69770
69770
69770
69780
69790
69810
69810
69810
69820
69830
69830
69840
69840
69850
69880
69880
69900
69910
69920
69920
69930
69930
69930
69950
69970
69990
70000
70010
70020
70040
70050
70060
70070
70070
70080
70130
70160
70160
70170
70180
70190
70200
70210
70240
70240
70240
70280
70280
70300
70320
70330
70370
70380
70400
70400
70410
70420
70420
70430
70430
70430
70430
70440
70440
70460
70470
70480
70480
70490
70490
70490
70530
70540
70540
70570
70580
70600
70620
70650
70650
70650
70650
70660
70670
70680
70690
70720
70730
70750
70760
70770
70780
70780
70790
70800
70810
70810
70820
70820
70820
70830
70830
70840
70840
70850
70850
70850
70850
70860
70870
70880
70900
70910
70940
70950
70950
70970
70980
70990
71000
71000
71010
71010
71010
71030
71040
71050
71060
71060
71080
71080
71090
71100
71110
71130
71130
71140
71140
71140
71150
71160
71170
71190
71190
71190
71200
71200
71200
71220
71230
71240
71280
71290
71310
71310
71320
71330
71340
71340
71350
71360
71370
71420
71430
71450
71460
71490
71530
71530
71540
71550
71550
71560
71570
71580
71610
71610
71610
71620
71640
71650
71660
71660
71660
71660
71670
71680
71690
71690
71700
71720
71740
71740
71750
71760
71760
71780
71800
71800
71810
71810
71830
71840
71850
71860
71860
71860
71900
71910
71920
71930
71940
71960
71960
71970
71990
71990
72000
72010
72020
72030
72040
72040
72050
72050
72060
72070
72080
72100
72110
72130
72130
72150
72160
72180
72180
72220
72230
72230
72240
72250
72260
72260
72290
72290
72320
72320
72340
72350
72350
72350
72370
72390
72400
72400
72410
72410
72420
72430
72440
72440
72460
72460
72500
72520
72520
72520
72550
72550
72570
72590
72600
72620
72620
72640
72640
72660
72660
72680
72690
72690
72700
72700
72710
72730
72750
72760
72770
72780
72800
72820
72830
72830
72840
72860
72860
72860
72870
72890
72890
72900
72900
72920
72920
72930
72940
72950
72960
73000
73000
73010
73010
73010
73030
73030
73030
73050
73070
73070
73070
73070
73080
73080
73100
73110
73120
73120
73120
73140
73180
73190
73190
73200
73220
73230
73240
73240
73240
73240
73240
73250
73270
73270
73300
73310
73330
73330
73340
73350
73380
73390
73420
73430
73460
73470
73470
73480
73490
73500
73500
73500
73520
73550
73550
73560
73580
73650
73650
73650
73660
73660
73690
73690
73700
73700
73710
73710
73720
73720
73730
73730
73740
73750
73760
73770
73770
73810
73820
73830
73830
73830
73850
73880
73880
73890
73890
73890
73890
73900
73900
73910
73920
73930
73940
73960
73980
73990
74010
74030
74030
74040
74040
74040
74060
74080
74090
74100
74100
74110
74110
74120
74140
74140
74150
74150
74160
74170
74170
74180
74180
74200
74220
74270
74270
74270
74270
74290
74290
74290
74300
74300
74310
74320
74330
74330
74330
74360
74380
74410
74430
74450
74450
74460
74480
74490
74500
74510
74550
74560
74560
74570
74580
74590
74590
74610
74620
74640
74640
74650
74650
74650
74660
74660
74680
74680
74690
74720
74780
74810
74810
74810
74850
74870
74870
74880
74910
74920
74920
74940
74940
74950
74960
75000
75010
75030
75030
75040
75040
75050
75060
75060
75100
75100
75100
75110
75190
75200
75210
75210
75220
75230
75260
75260
75270
75280
75280
75320
75320
75320
75330
75330
75340
75360
75360
75390
75390
75410
75420
75430
75440
75450
75450
75460
75470
75480
75490
75490
75490
75490
75500
75500
75510
75510
75520
75520
75530
75550
75570
75570
75570
75580
75610
75620
75630
75630
75640
75650
75660
75670
75680
75680
75680
75690
75700
75730
75730
75740
75740
75760
75760
75780
75780
75800
75810
75810
75820
75820
75840
75860
75870
75880
75890
75890
75890
75900
75900
75900
75910
75930
75940
75960
75970
76000
76020
76030
76040
76040
76040
76060
76070
76110
76110
76110
76130
76140
76150
76160
76170
76170
76180
76180
76190
76190
76210
76220
76240
76260
76270
76290
76290
76290
76310
76310
76320
76340
76350
76350
76370
76370
76380
76400
76400
76410
76430
76430
76430
76450
76460
76460
76460
76480
76480
76510
76510
76510
76510
76520
76520
76550
76580
76610
76610
76610
76610
76620
76620
76640
76650
76660
76670
76670
76710
76720
76730
76750
76760
76780
76790
76790
76830
76830
76830
76830
76840
76840
76860
76870
76870
76880
76890
76890
76900
76900
76950
76960
76960
76960
76970
76970
76980
76990
76990
77000
77000
77010
77030
77040
77050
77080
77080
77090
77100
77110
77120
77120
77120
77140
77140
77150
77150
77160
77160
77180
77190
77190
77210
77230
77230
77230
77240
77240
77250
77260
77290
77300
77300
77310
77320
77320
77330
77330
77340
77380
77400
77400
77430
77440
77450
77450
77460
77460
77470
77480
77480
77490
77510
77520
77530
77540
77560
77560
77560
77560
77570
77590
77610
77620
77640
77660
77660
77670
77690
77720
77750
77770
77790
77790
77800
77820
77830
77830
77850
77870
77870
77870
77880
77880
77900
77910
77910
77920
77940
77970
78000
78010
78010
78050
78050
78060
78070
78080
78080
78090
78090
78100
78110
78110
78140
78160
78170
78170
78170
78200
78200
78220
78230
78240
78250
78250
78260
78260
78270
78290
78290
78320
78330
78370
78390
78420
78430
78440
78440
78440
78450
78460
78480
78490
78490
78490
78500
78520
78530
78530
78530
78530
78540
78540
78540
78550
78550
78550
78550
78550
78560
78570
78580
78580
78590
78610
78630
78640
78640
78650
78650
78660
78680
78690
78690
78690
78710
78710
78710
78730
78730
78730
78750
78750
78780
78840
78860
78870
78900
78910
78910
78920
78920
78960
78960
78960
78990
78990
79010
79020
79030
79040
79060
79100
79110
79140
79150
79150
79150
79170
79180
79210
79240
79240
79240
79270
79270
79270
79270
79290
79310
79360
79370
79370
79390
79390
79400
79410
79430
79440
79450
79460
79470
79480
79500
79510
79510
79540
79560
79570
79570
79610
79620
79630
79640
79650
79660
79660
79660
79670
79670
79690
79700
79700
79700
79710
79720
79720
79730
79740
79760
79770
79770
79780
79800
79820
79850
79850
79850
79870
79870
79880
79880
79880
79900
79910
79910
79940
79960
79990
80020
80030
80030
80030
80030
80030
80040
80050
80070
80070
80080
80080
80090
80100
80110
80110
80130
80130
80130
80130
80130
80140
80150
80160
80160
80160
80190
80200
80210
80210
80220
80230
80250
80260
80270
80310
80320
80330
80340
80340
80350
80360
80370
80370
80370
80380
80390
80390
80400
80400
80410
80420
80420
80430
80430
80440
80440
80470
80480
80490
80500
80510
80520
80520
80530
80540
80540
80570
80570
80600
80610
80610
80610
80620
80630
80640
80640
80640
80650
80650
80670
80700
80700
80710
80730
80730
80760
80760
80760
80760
80760
80770
80770
80780
80780
80780
80790
80790
80800
80860
80870
80880
80930
80950
80960
80960
80980
80990
81000
81010
81060
81070
81080
81110
81120
81130
81140
81150
81160
81180
81200
81220
81220
81250
81280
81280
81280
81290
81300
81310
81320
81320
81340
81350
81350
81350
81360
81380
81390
81400
81450
81450
81460
81470
81470
81530
81550
81550
81560
81570
81570
81590
81590
81590
81600
81620
81630
81630
81640
81640
81640
81650
81660
81680
81680
81710
81730
81730
81740
81750
81770
81780
81780
81790
81790
81790
81790
81820
81820
81830
81870
81870
81900
81910
81920
81930
81950
81970
81980
82020
82030
82060
82070
82070
82080
82080
82090
82090
82100
82110
82110
82150
82160
82160
82160
82170
82170
82210
82210
82210
82220
82220
82220
82260
82260
82270
82270
82280
82300
82330
82330
82350
82380
82410
82410
82450
82450
82460
82460
82460
82470
82490
82500
82500
82510
82520
82520
82530
82530
82550
82570
82580
82590
82610
82610
82650
82650
82650
82660
82660
82680
82690
82700
82740
82760
82770
82780
82820
82820
82820
82870
82870
82890
82910
82920
82920
82930
82940
82970
82980
83010
83030
83040
83040
83060
83060
83070
83080
83080
83100
83120
83140
83140
83140
83140
83140
83150
83150
83180
83180
83200
83200
83210
83210
83210
83220
83240
83250
83260
83270
83280
83280
83300
83310
83340
83360
83360
83370
83380
83390
83400
83420
83420
83440
83460
83490
83490
83500
83510
83510
83510
83510
83520
83520
83540
83560
83580
83590
83600
83600
83610
83620
83630
83640
83640
83640
83650
83650
83650
83680
83700
83710
83730
83760
83790
83800
83820
83830
83850
83860
83870
83900
83910
83910
83920
83920
83930
83930
83950
83960
83980
84010
84020
84040
84040
84040
84040
84040
84040
84060
84080
84080
84090
84090
84090
84090
84110
84110
84130
84130
84130
84130
84150
84160
84170
84180
84180
84180
84200
84210
84210
84220
84220
84230
84230
84240
84270
84270
84270
84280
84280
84280
84290
84300
84310
84310
84330
84330
84350
84350
84350
84350
84370
84390
84390
84400
84420
84430
84450
84460
84460
84460
84470
84530
84550
84570
84570
84570
84580
84600
84600
84610
84610
84620
84620
84620
84630
84640
84640
84670
84670
84680
84680
84700
84700
84720
84730
84750
84770
84770
84800
84800
84810
84850
84850
84860
84880
84890
84890
84920
84920
84930
84930
84930
84950
84960
84960
84980
85020
85040
85050
85050
85070
85090
85100
85100
85120
85150
85180
85180
85200
85200
85210
85220
85230
85240
85250
85260
85260
85290
85300
85320
85350
85360
85360
85380
85390
85390
85400
85400
85410
85420
85430
85440
85440
85460
85470
85520
85550
85550
85550
85550
85550
85560
85560
85570
85610
85630
85640
85640
85640
85650
85650
85670
85690
85690
85690
85710
85720
85720
85720
85730
85750
85750
85760
85770
85770
85770
85780
85800
85800
85800
85800
85820
85820
85840
85850
85850
85850
85870
85900
85920
85930
85940
85940
85970
85980
85980
86000
86000
86020
86020
86020
86020
86020
86030
86040
86050
86060
86070
86080
86080
86100
86130
86140
86140
86140
86150
86150
86160
86160
86180
86180
86190
86210
86220
86240
86250
86260
86270
86280
86290
86290
86290
86320
86330
86340
86340
86370
86380
86380
86390
86400
86400
86400
86430
86450
86450
86450
86470
86470
86470
86500
86500
86510
86520
86520
86530
86560
86570
86620
86620
86670
86680
86680
86690
86720
86730
86730
86740
86760
86760
86770
86780
86790
86800
86800
86800
86810
86810
86820
86820
86830
86840
86840
86840
86850
86860
86870
86880
86880
86890
86890
86900
86900
86900
86930
86950
86980
86980
86990
87000
87010
87040
87060
87070
87080
87080
87090
87100
87110
87110
87120
87140
87160
87160
87170
87180
87180
87210
87220
87230
87230
87250
87280
87320
87330
87340
87340
87350
87360
87390
87400
87410
87420
87420
87430
87440
87450
87460
87490
87510
87510
87520
87530
87540
87560
87590
87600
87600
87600
87600
87610
87650
87670
87690
87690
87720
87740
87740
87740
87750
87750
87750
87780
87790
87790
87800
87820
87820
87830
87830
87830
87840
87860
87880
87890
87920
87950
87950
87960
87960
87980
87990
88000
88010
88010
88020
88020
88030
88070
88100
88140
88150
88160
88160
88180
88190
88210
88220
88250
88250
88260
88270
88280
88300
88330
88340
88350
88360
88360
88400
88400
88420
88420
88430
88450
88470
88470
88470
88470
88470
88480
88490
88490
88490
88510
88520
88520
88530
88530
88550
88550
88560
88600
88610
88620
88640
88640
88650
88660
88680
88690
88690
88700
88700
88710
88760
88760
88770
88840
88860
88880
88890
88900
88900
88910
88920
88930
88940
88940
88960
88970
88990
88990
89010
89020
89020
89040
89060
89060
89060
89060
89070
89070
89080
89090
89100
89100
89110
89120
89150
89160
89170
89180
89200
89210
89210
89210
89210
89250
89280
89280
89280
89280
89290
89290
89290
89310
89310
89310
89310
89310
89340
89370
89370
89380
89380
89390
89420
89420
89420
89450
89470
89480
89520
89520
89530
89530
89540
89560
89590
89610
89620
89640
89650
89660
89660
89660
89670
89690
89690
89710
89730
89760
89770
89830
89830
89830
89880
89890
89900
89910
89920
89920
89940
89960
89960
89970
89980
89990
89990
90010
90010
90020
90020
90030
90040
90040
90050
90070
90120
90120
90120
90130
90160
90170
90170
90180
90180
90180
90190
90200
90200
90210
90210
90220
90220
90230
90230
90230
90240
90250
90260
90260
90270
90270
90280
90280
90290
90310
90310
90320
90320
90320
90330
90370
90380
90390
90390
90410
90410
90410
90420
90430
90440
90450
90520
90530
90530
90530
90530
90530
90530
90530
90590
90600
90610
90620
90620
90620
90640
90640
90640
90650
90670
90680
90680
90720
90740
90750
90760
90770
90790
90790
90790
90800
90800
90820
90820
90830
90890
90900
90900
90900
90910
90920
90930
90940
90960
90980
90980
91010
91030
91040
91050
91060
91070
91070
91080
91080
91100
91120
91120
91120
91140
91140
91150
91150
91160
91180
91200
91230
91240
91260
91260
91270
91280
91300
91300
91300
91340
91350
91360
91370
91380
91380
91380
91390
91410
91430
91450
91460
91480
91480
91500
91510
91510
91510
91510
91520
91530
91530
91540
91540
91540
91540
91550
91560
91560
91570
91580
91590
91610
91620
91640
91640
91640
91650
91670
91680
91700
91710
91710
91720
91720
91720
91730
91760
91770
91850
91870
91870
91870
91880
91880
91890
91900
91930
91940
91940
91970
91990
91990
91990
92000
92010
92010
92030
92040
92040
92040
92050
92050
92050
92100
92130
92130
92140
92150
92170
92170
92180
92200
92200
92210
92220
92220
92220
92220
92290
92300
92310
92320
92330
92330
92350
92380
92390
92390
92400
92400
92420
92430
92430
92460
92460
92500
92500
92510
92520
92530
92540
92560
92570
92610
92620
92640
92650
92660
92670
92670
92690
92700
92700
92710
92730
92730
92730
92730
92740
92740
92740
92750
92750
92780
92780
92790
92820
92820
92840
92840
92840
92860
92860
92870
92880
92890
92890
92900
92910
92920
92920
92940
92950
92950
92950
92960
92980
92990
93000
93010
93020
93020
93020
93050
93050
93060
93100
93120
93140
93150
93170
93170
93170
93180
93180
93190
93210
93210
93210
93220
93250
93250
93250
93270
93290
93300
93300
93300
93300
93310
93320
93370
93410
93410
93430
93430
93440
93440
93480
93500
93540
93560
93560
93570
93570
93580
93590
93590
93600
93600
93610
93610
93610
93620
93620
93630
93640
93640
93640
93670
93670
93680
93690
93690
93700
93710
93720
93730
93750
93760
93760
93760
93780
93790
93800
93800
93850
93880
93880
93890
93900
93930
93940
93950
93950
93970
93990
94000
94010
94020
94020
94030
94030
94050
94070
94090
94100
94100
94130
94140
94140
94160
94160
94160
94180
94190
94200
94200
94210
94210
94220
94230
94230
94240
94240
94270
94280
94290
94290
94310
94320
94330
94330
94350
94360
94370
94380
94410
94410
94430
94430
94430
94430
94460
94460
94460
94500
94500
94550
94570
94580
94590
94600
94600
94610
94610
94610
94620
94620
94650
94670
94680
94690
94690
94690
94700
94740
94750
94750
94770
94770
94780
94780
94790
94800
94840
94850
94870
94890
94910
94930
94970
95000
95000
95000
95010
95010
95020
95030
95030
95050
95060
95060
95070
95070
95080
95110
95120
95130
95130
95140
95140
95160
95170
95170
95180
95190
95240
95250
95270
95290
95300
95310
95320
95330
95340
95340
95370
95390
95390
95400
95400
95410
95440
95450
95470
95480
95490
95490
95490
95490
95500
95520
95540
95540
95540
95550
95550
95560
95580
95600
95610
95610
95620
95630
95640
95650
95660
95670
95670
95670
95670
95750
95760
95780
95780
95790
95800
95800
95800
95810
95810
95830
95830
95830
95850
95860
95890
95910
95940
95960
95960
95960
95990
95990
95990
96010
96030
96030
96030
96060
96070
96090
96100
96100
96100
96100
96120
96120
96120
96140
96140
96140
96160
96160
96170
96180
96180
96190
96190
96210
96210
96250
96250
96260
96260
96270
96270
96290
96300
96310
96330
96340
96340
96360
96360
96370
96380
96390
96410
96410
96430
96430
96430
96450
96460
96480
96500
96530
96540
96550
96560
96560
96570
96570
96580
96580
96580
96600
96670
96680
96690
96690
96690
96690
96700
96710
96720
96740
96740
96770
96770
96780
96790
96800
96820
96850
96850
96850
96850
96910
96910
96940
96950
96960
96980
96990
97000
97010
97040
97060
97060
97060
97060
97070
97080
97100
97110
97110
97110
97110
97120
97130
97130
97130
97140
97160
97170
97180
97190
97230
97230
97230
97250
97250
97260
97280
97290
97290
97300
97300
97320
97320
97330
97340
97360
97370
97390
97390
97400
97420
97420
97420
97440
97450
97460
97460
97460
97470
97500
97510
97550
97560
97580
97620
97620
97630
97630
97630
97630
97640
97650
97650
97650
97660
97670
97670
97670
97680
97680
97680
97690
97690
97720
97740
97740
97780
97790
97790
97810
97810
97810
97830
97830
97840
97860
97870
97890
97900
97960
97980
97980
97990
98000
98010
98050
98050
98060
98070
98080
98090
98090
98090
98100
98110
98110
98110
98130
98140
98140
98150
98160
98170
98180
98180
98180
98220
98240
98290
98310
98310
98340
98360
98390
98390
98400
98410
98430
98450
98470
98490
98490
98500
98500
98510
98520
98520
98530
98550
98590
98600
98620
98620
98640
98660
98670
98670
98680
98690
98690
98710
98710
98760
98770
98780
98790
98790
98800
98810
98810
98810
98820
98820
98830
98840
98880
98890
98900
98910
98920
98940
98940
98960
98990
98990
99000
99030
99040
99070
99070
99090
99090
99090
99110
99110
99110
99110
99120
99120
99130
99130
99140
99150
99160
99160
99170
99180
99180
99190
99190
99190
99200
99230
99240
99260
99270
99270
99270
99270
99280
99290
99300
99310
99310
99310
99320
99320
99320
99360
99360
99370
99390
99400
99410
99440
99440
99450
99450
99480
99480
99500
99520
99530
99530
99560
99570
99580
99600
99600
99610
99620
99620
99620
99630
99640
99650
99680
99680
99700
99700
99710
99720
99720
99770
99780
99780
99800
99800
99810
99810
99820
99820
99830
99840
99840
99840
99850
99860
99870
99870
99880
99900
99910
99920
99920
99930
99940
99940
99980
99990
